70 07
03 21 21 51 51 73 73 74 74 56 56 26 26 04 04 03
76 72 74 04 04 22
76 71 71 61 61 25 25 03 03 02 02 11
71 75 75 66 66 56 56 43 43 33 33 06 06 01
36 31 75 05 05 04 04 31
72 75 75 66 66 56 56 34 34 31 31 01 01 05
31 35 35 46 46 76 76 71 71 01 01 06
71 06 06 01
35 46 46 76 76 71 71 41 41 32 02 32 32 35 35 05 05 02
36 31 31 01 01 06 06 76 76 71
73 63 43 33
72 73 73 63 43 33
63 30 30 03
55 52 25 22
60 33 33 00
75 74 54 44 44 16 16 05 05 04 04 22
54 24 24 22 22 52 52 57 57 17 17 06 06 01 01 10 10 50 50 72 72 76
70 20 20 02 02 24 24 74 50 54
00 12 00 70 70 75 75 30 20 12
01 04 10 11 10 60 60 61 71 74
00 03 03 13 14 64 64 63 70 73 00 70
00 04 00 70 30 32 70 74
00 04 00 70 40 42
14 13 01 03 10 11 10 60 60 71 71 73 73 64 64 44 44 42
00 70 04 74 30 34
00 04 02 72 70 74
01 04 03 63 63 72 71 50
00 70 30 04 40 74
00 70 70 74
00 70 00 22 22 04 04 74
00 70 00 74 74 04
10 60 60 71 71 73 73 64 64 14 14 03 03 01 01 10
00 04 04 44 44 40 00 70
10 60 60 71 71 73 73 64 64 14 14 03 03 01 01 10 52 74
00 04 04 34 34 30 00 70 30 74
04 00 00 30 30 44 44 74 74 70
00 04 02 72
00 60 60 71 71 73 73 64 64 04
00 50 50 72 72 54 54 04
00 70 70 52 52 74 74 04
00 22 22 04 70 32 32 74
00 22 04 22 22 72
00 04 04 24 24 50 50 70 70 74
74 71 71 01 01 04
77 00
74 71 74 04 01 04
36 04 04 03 03 31
75 72
11 01
63 60 60 70 70 73 73 43 43 32 32 31 31 40
40 43 43 73 73 70 70 00
73 70 70 40 40 43
43 40 40 70 70 73 73 03
50 53 53 43 43 40 40 70 70 73
52 50 72 20 20 02 02 03 03 23
43 40 40 20 20 23 23 73 73 70 70 60
73 43 43 40 70 00
72 52 32 22
50 70 70 73 73 43 23 13
74 40 32 40 70 20
10 70 70 00
76 35 35 74 74 32 32 70 70 30
73 32 32 70 70 30
30 70 70 73 73 33 33 30
50 53 53 33 33 30 30 70
73 62 31 40 40 60 60 71 71 72 72 63 63 43 43 32 32 31
42 40 70 30
70 73 73 53 53 50 50 30 30 33
22 20 73 71 71 01
74 73 33 73 73 70 70 30
33 72 72 71 71 30
34 73 73 42 42 71 71 30
33 70 73 30
52 30 33 70
73 70 70 33 33 30